111000000000000000000000000000000000000000000000000000000000000000000000000000000000000000000000000000000000000000000000000000000
111000000000000000000000000000000000000000000000000000000000000000000000000000000000000000000000000000000000000000000000000000000
111000000000000000000000000000000000000000000000000000000000000000000000000000000000000000000000000000000000000000000000000000000
111000000000000000000000000000000000000000000000000000000000000000000000000000000000000000000000000000000000000000000000000000000
111000000000000000000000000000000000000000000000000000000000222222220000000000000000000000000000000000000000000000000000000000000
111000000000000000000000000000000000000000000000000000002222111111112222200000000000000000000000000000000000000000000000000000000
111000000000000000000000000000000000000000000000000002221111111111111111122220000000000000000000000000000000000000000000000000000
111000000000000000000000000000000000000000000000022221111111111111111111111112222000000000000000002222000000000000000000000000000
1112200000000000000000000000000000000022222222222111111111111111111111111111111112222222222220000000000000022222220000000000002220
1111122222222222222222222222000000000211111111111111111111111111111111111111111111111111111112220000000000000000000000000000000000
1111111111111111111111111111200000022111111111111111111111111111111111111111111111111111111111112220000000000000000022222000000000
1111111111111111111111111111122222211111111111111111111111111111111111111111111111111111111111111112222200000000000000000000000000
1111111111111111111111111111111111111111111111111111111111111111111111111111111111111111111111111111111122220000000000000000000000
1111111111111111111111111111111111111111111111111111111111111111111111111111111111111111111111111111111111110000000000000000000000
1111111111111111111111111111111111111111111111111111111111111111111111111111111111111111111111111111111111000000000000000000000000
1111111111111111111111111111111111111111111111111111111111111111111111111111111111111111111111111111111110000000000000000000000000
1111111111111111111111111111111111111111111111111111111111111111111111111111111111111111111111111111111110000000000000000000000000
